-0.1998538323585898
-0.10744630026956706
-0.07081152457203366
-0.05089616586692171
-0.039224612893311146
-0.03154142289108804
-0.026183936348005525
-0.022298546592705172
-0.019302565528183376
-0.01698459642992722
-0.015144018746101077
-0.013622751586569306
-0.01236823740384768
-0.011316963412567979
-0.0104251571711204
-0.009646212906538654
-0.008975978515809419
-0.008391884168787844
-0.007874752431306203
-0.007411351262132212
-0.007000265813580176
-0.006632665385661281
-0.006299822338794854
-0.0059948195388487314
-0.005719115762923653
-0.005467803266731509
-0.005238056708209515
-0.005022845221105637
-0.004826026067030736
-0.004643802065077389
-0.004475854038706685
-0.00431733391225631
-0.00416969365300009
-0.004032157276091377
-0.0039037653730400516
-0.0037833223931947046
-0.0036684938776342557
-0.003561148523679969
-0.0034598603656449426
-0.0033646784396031155
-0.0032739194091828423
-0.0031875018659206803
-0.003105924855906712
-0.0030284445362963913
-0.0029551258826438654
-0.002884494248653386
-0.002817140397223495
-0.002753094734415425
-0.0026919610242578267
-0.002633770970514152
-0.0025773863135092373
-0.002523424421227885
-0.002471848260789672
-0.0024223875232559744
-0.0023750865162402717
-0.0023291386338489613
-0.0022849346707340293
-0.002242534527391225
-0.002201692520576711
-0.0021624832157837947
-0.002124398430925609
-0.002087519640186062
-0.002052061395836653
-0.00201776174980467
-0.0019847260747197335
-0.0019527053807459499
-0.0019214633987838694
-0.0018913361367420645
-0.0018621625852799377
-0.0018339425917933882
-0.0018066653885389589
-0.0017798790626245304
-0.0017539579523336072
