-1.7384606065658772
-0.7456822800498166
-0.4361249251056725
-0.29697351309845404
-0.22098272679227268
-0.17414827654327109
-0.1428097618816108
-0.12055826493465052
-0.10403655060742308
-0.09133466073518402
-0.08129400374128926
-0.07317476702891472
-0.06648430034956954
-0.06088287347399216
-0.05612918384096511
-0.05204744845371342
-0.04850677865951772
-0.045407831565608035
-0.0426739253439701
-0.040244977907902664
-0.038073280205346935
-0.03612049061705418
-0.03435545978155083
-0.0327526312091033
-0.03129084819230126
-0.029952452024876886
-0.028722592150755278
-0.027588692569865174
-0.026540034878733333
-0.02556742936552214
-0.024662953285696773
-0.023819740896095364
-0.023031813730076033
-0.02229394242612893
-0.021601533495284667
-0.020950535946694195
-0.02033736383683858
-0.019758831671759843
-0.01921210024843231
-0.01869463102459774
-0.018204147494845124
-0.017738602352724883
-0.01729614945507052
-0.0168751197908905
-0.01647400080474495
-0.016091418542121143
-0.015726122178566507
-0.015376970570260697
-0.01504292052517333
-0.014723016543957981
-0.01441638182059068
-0.014122210326297208
-0.013839759827952746
-0.01356834571500739
-0.013307335527988032
-0.01305614409746696
-0.012814229215639208
-0.012581087773775264
-0.012356252308190019
-0.012139287905283342
-0.011929789422923425
-0.011727378991145976
-0.011531703760007839
-0.011342433866589471
-0.01115926059670607
-0.01098189471994659
-0.010810064979299896
-0.010643516718902476
-0.010482010635416341
-0.010325321640252039
-0.01017323782134187
-0.01002555949446094
-0.009882098335225839
