-1.196121587611922
-0.6830146057712457
-0.4680401232047386
-0.35361784467951196
-0.28440576270754536
-0.23776113576342967
-0.20420232896229434
-0.17859579268096443
-0.15860602776352783
-0.14265358090313096
-0.1295857586838124
-0.11867616343397097
-0.10947503268595224
-0.10150939525001038
-0.0946068023366766
-0.08862091688736821
-0.08337708448142289
-0.07874261895054703
-0.0745718433168125
-0.07080655304060073
-0.06737313233560932
-0.06427420144721284
-0.06146177206502753
-0.058896723764621184
-0.05653281121309309
-0.05435711475829072
-0.052345351453466256
-0.05045024572228639
-0.04869538475662678
-0.04706519485633263
-0.04554636686111161
-0.04412745679711051
-0.042798567987735216
-0.04153841695829174
-0.04034528210681024
-0.03921549586219481
-0.03815103105139439
-0.037146144857128194
-0.03619576419729488
-0.03529446903152967
-0.03443232261969623
-0.033614127756258175
-0.03283641407494121
-0.03208984339374986
-0.03137496354520141
-0.03069314074680552
-0.030042029424843415
-0.02941950701630635
-0.02882110901254386
-0.028247832663203763
-0.027698352082790326
-0.027166178614822928
-0.026652537540423682
-0.02615915922744954
-0.025684809102409202
-0.02522835401685808
-0.024788751881993136
-0.02436504255410171
-0.02395408671494921
-0.023556244252491646
-0.023172285252194072
-0.022798729144045467
-0.022437503578533562
-0.022088197968405464
-0.021750239834395224
-0.021423057529414292
-0.021106118489227013
-0.020796897897319443
-0.02049570828356953
-0.02020389425889861
-0.019920985097364473
-0.019646543109558285
-0.01937962366230096
