-0.4012172923142754
-0.24643129120003002
-0.1741201359122017
-0.13437115819079165
-0.10920771974608987
-0.09145806951364335
-0.07814125762343761
-0.06824229051177695
-0.06059979001491202
-0.05449579935577824
-0.04951151676860288
-0.04530979625610282
-0.041674417959794645
-0.038606560530102876
-0.03598818383081756
-0.03372856993948439
-0.031690220894481265
-0.02990216153710528
-0.028288648800155074
-0.026838305731535603
-0.025546399718978877
-0.02435426726245244
-0.02326702041841066
-0.02228314078933708
-0.021387634331236555
-0.020565966185625936
-0.019800257139457912
-0.01908361081877438
-0.018407624219854604
-0.017783659280203652
-0.017205495031933145
-0.016667892358396136
-0.016166407284040632
-0.01569687373999757
-0.015247539885488003
-0.014822060093455023
-0.014416371892921692
-0.014034990185269224
-0.01366694810371883
-0.013319816108819911
-0.01299213510181614
-0.012682172098328923
-0.01238840207839326
-0.01210947747278028
-0.011844202823908249
-0.011586123599888077
-0.011335621032960621
-0.011097164995186645
-0.01086982642107415
-0.010652773356407203
-0.010445258498945904
-0.010246608589387989
-0.010056215348091025
-0.009873527703605197
-0.009697086720164104
-0.009522744676014567
-0.00935537292543535
-0.009194521145997062
-0.009039778841847302
-0.008889311573509803
-0.008743421604412065
-0.008602849699292456
-0.008467281399868866
-0.00833642785225328
-0.00821002321402067
-0.008087822364356522
-0.007966198940197067
-0.007848362784155743
-0.007734424802860897
-0.00762417488475812
-0.007517418536157044
-0.007413975434052188
-0.007313678139769058
